1 0.5336538461538461 0.46634615384615385 0.17067307692307693 0.32211538461538464
1 0.421875 0.6478365384615384 0.18269230769230768 0.2403846153846154
1 0.36899038461538464 0.4675480769230769 0.24879807692307693 0.33413461538461536
1 0.2247596153846154 0.43990384615384615 0.2620192307692308 0.25721153846153844
1 0.0889423076923077 0.4855769230769231 0.15985576923076922 0.18269230769230768
1 0.6887019230769231 0.4362980769230769 0.28125 0.3004807692307692
1 0.8413461538461539 0.41346153846153844 0.3125 0.2764423076923077
1 0.65625 0.6298076923076923 0.2127403846153846 0.25961538461538464
1 0.24519230769230768 0.6490384615384616 0.18990384615384615 0.21033653846153846
1 0.11778846153846154 0.5985576923076923 0.14423076923076922 0.1502403846153846
5 0.8521634615384616 0.6177884615384616 0.1935096153846154 0.21875