1 0.34134615384615385 0.421875 0.20673076923076922 0.36899038461538464
1 0.5048076923076923 0.4362980769230769 0.26802884615384615 0.36177884615384615
1 0.5 0.24278846153846154 0.14783653846153846 0.17548076923076922
1 0.6706730769230769 0.3317307692307692 0.17307692307692307 0.18389423076923078
1 0.6418269230769231 0.5012019230769231 0.36899038461538464 0.2764423076923077
1 0.8365384615384616 0.40024038461538464 0.1201923076923077 0.14903846153846154
1 0.6995192307692307 0.5685096153846154 0.4074519230769231 0.21514423076923078
5 0.17908653846153846 0.42427884615384615 0.23677884615384615 0.38341346153846156
5 0.2848557692307692 0.2512019230769231 0.15985576923076922 0.171875
5 0.7307692307692307 0.6334134615384616 0.4579326923076923 0.18990384615384615
5 0.6850961538461539 0.7367788461538461 0.42788461538461536 0.109375