4 0.2776442307692308 0.7872596153846154 0.15625 0.13822115384615385
4 0.38461538461538464 0.6394230769230769 0.0985576923076923 0.10336538461538461
4 0.41947115384615385 0.7644230769230769 0.0889423076923077 0.07932692307692307
4 0.5096153846153846 0.5985576923076923 0.07932692307692307 0.07451923076923077
4 0.5637019230769231 0.46634615384615385 0.07451923076923077 0.06370192307692307
4 0.7007211538461539 0.5240384615384616 0.15504807692307693 0.19831730769230768
4 0.6430288461538461 0.4026442307692308 0.14903846153846154 0.13701923076923078
4 0.515625 0.38221153846153844 0.13341346153846154 0.14783653846153846
4 0.6153846153846154 0.27884615384615385 0.0889423076923077 0.07692307692307693
4 0.2980769230769231 0.546875 0.078125 0.05889423076923077
4 0.21754807692307693 0.6322115384615384 0.07091346153846154 0.12379807692307693