4 0.8413461538461539 0.6514423076923077 0.08533653846153846 0.05048076923076923
4 0.7403846153846154 0.4411057692307692 0.15504807692307693 0.18629807692307693
4 0.5961538461538461 0.390625 0.12379807692307693 0.10817307692307693
4 0.45072115384615385 0.48197115384615385 0.07572115384615384 0.1141826923076923
4 0.4735576923076923 0.59375 0.18028846153846154 0.16947115384615385
4 0.33413461538461536 0.47716346153846156 0.2800480769230769 0.4266826923076923
4 0.07091346153846154 0.44350961538461536 0.13942307692307693 0.2548076923076923
4 0.1310096153846154 0.6322115384615384 0.11298076923076923 0.11298076923076923
4 0.7932692307692307 0.3125 0.12139423076923077 0.08533653846153846
4 0.9170673076923077 0.4074519230769231 0.16105769230769232 0.14182692307692307
4 0.96875 0.5673076923076923 0.06129807692307692 0.14903846153846154