5 0.41466346153846156 0.4879807692307692 0.17668269230769232 0.6033653846153846
5 0.43028846153846156 0.7956730769230769 0.16947115384615385 0.27524038461538464
5 0.5997596153846154 0.5 0.2127403846153846 0.5709134615384616
5 0.7247596153846154 0.42908653846153844 0.3112980769230769 0.5228365384615384
5 0.8461538461538461 0.27403846153846156 0.30649038461538464 0.46875
5 0.8990384615384616 0.6201923076923077 0.13942307692307693 0.18509615384615385
5 0.7451923076923077 0.7463942307692307 0.13221153846153846 0.20793269230769232
5 0.5829326923076923 0.7668269230769231 0.15144230769230768 0.2608173076923077
5 0.296875 0.6706730769230769 0.14182692307692307 0.4963942307692308
5 0.2620192307692308 0.4206730769230769 0.27163461538461536 0.5564903846153846
5 0.1971153846153846 0.32211538461538464 0.296875 0.4519230769230769