3 0.5120192307692307 0.59375 0.9471153846153846 0.5
4 0.3233173076923077 0.484375 0.23317307692307693 0.24158653846153846
4 0.3798076923076923 0.6634615384615384 0.0673076923076923 0.10697115384615384
4 0.4855769230769231 0.6538461538461539 0.11177884615384616 0.09254807692307693
4 0.5492788461538461 0.7079326923076923 0.09134615384615384 0.07451923076923077
4 0.5168269230769231 0.5432692307692307 0.09014423076923077 0.09615384615384616
4 0.7439903846153846 0.6526442307692307 0.17427884615384615 0.08533653846153846
4 0.7283653846153846 0.546875 0.078125 0.037259615384615384
4 0.8185096153846154 0.5012019230769231 0.10336538461538461 0.10336538461538461
4 0.890625 0.6502403846153846 0.042067307692307696 0.1201923076923077
4 0.7980769230769231 0.7668269230769231 0.08413461538461539 0.09375