4 0.34134615384615385 0.8497596153846154 0.4026442307692308 0.20432692307692307
4 0.3425480769230769 0.6742788461538461 0.13701923076923078 0.16826923076923078
4 0.4699519230769231 0.5841346153846154 0.09375 0.11177884615384616
4 0.40865384615384615 0.48197115384615385 0.08533653846153846 0.12740384615384615
4 0.2704326923076923 0.6021634615384616 0.0625 0.09735576923076923
4 0.640625 0.40384615384615385 0.12259615384615384 0.109375
4 0.5721153846153846 0.5793269230769231 0.07451923076923077 0.1466346153846154
4 0.8245192307692307 0.32211538461538464 0.14543269230769232 0.21394230769230768
4 0.6622596153846154 0.23677884615384615 0.0625 0.0985576923076923
4 0.7536057692307693 0.4879807692307692 0.057692307692307696 0.10096153846153846
4 0.7632211538461539 0.16947115384615385 0.056490384615384616 0.07091346153846154