1 0.7475961538461539 0.7403846153846154 0.5 0.16706730769230768
1 0.7920673076923077 0.6430288461538461 0.33052884615384615 0.15865384615384615
1 0.7163461538461539 0.5685096153846154 0.4026442307692308 0.22355769230769232
1 0.2283653846153846 0.5216346153846154 0.2776442307692308 0.28365384615384615
1 0.25841346153846156 0.4723557692307692 0.18389423076923078 0.2512019230769231
1 0.4651442307692308 0.4483173076923077 0.15384615384615385 0.28365384615384615
1 0.5685096153846154 0.47115384615384615 0.2127403846153846 0.27283653846153844
1 0.6694711538461539 0.4987980769230769 0.30408653846153844 0.21875
5 0.1502403846153846 0.6466346153846154 0.3004807692307692 0.21634615384615385
5 0.08774038461538461 0.5528846153846154 0.17548076923076922 0.15865384615384615
5 0.35216346153846156 0.4411057692307692 0.13581730769230768 0.27163461538461536