5 0.5612980769230769 0.6298076923076923 0.32211538461538464 0.6875
5 0.6971153846153846 0.21754807692307693 0.10336538461538461 0.2403846153846154
5 0.5733173076923077 0.3737980769230769 0.22235576923076922 0.4338942307692308
5 0.5192307692307693 0.23918269230769232 0.15625 0.3233173076923077
5 0.3737980769230769 0.3798076923076923 0.18028846153846154 0.6502403846153846
5 0.23197115384615385 0.25600961538461536 0.140625 0.3701923076923077
5 0.19951923076923078 0.47716346153846156 0.3762019230769231 0.4951923076923077
5 0.14783653846153846 0.5829326923076923 0.2920673076923077 0.4519230769230769
5 0.7355769230769231 0.6514423076923077 0.2704326923076923 0.5192307692307693
5 0.8257211538461539 0.2692307692307692 0.17307692307692307 0.21995192307692307
5 0.8725961538461539 0.5661057692307693 0.1778846153846154 0.3173076923076923