1 0.7403846153846154 0.17427884615384615 0.5144230769230769 0.17307692307692307
1 0.7896634615384616 0.2764423076923077 0.34375 0.16466346153846154
1 0.7103365384615384 0.35336538461538464 0.4170673076923077 0.23197115384615385
1 0.20432692307692307 0.4014423076923077 0.28846153846153844 0.29447115384615385
1 0.23557692307692307 0.4519230769230769 0.19110576923076922 0.2608173076923077
1 0.45072115384615385 0.47716346153846156 0.15865384615384615 0.29447115384615385
1 0.5576923076923077 0.453125 0.22115384615384615 0.28365384615384615
1 0.6622596153846154 0.42427884615384615 0.3161057692307692 0.22716346153846154
5 0.13942307692307693 0.27163461538461536 0.27884615384615385 0.2247596153846154
5 0.07572115384615384 0.36899038461538464 0.15144230769230768 0.1658653846153846
5 0.3329326923076923 0.4855769230769231 0.140625 0.2824519230769231