1 0.37740384615384615 0.5060096153846154 0.17908653846153846 0.7247596153846154
1 0.2091346153846154 0.4987980769230769 0.203125 0.6923076923076923
1 0.09495192307692307 0.4230769230769231 0.13701923076923078 0.5108173076923077
1 0.3137019230769231 0.828125 0.12980769230769232 0.28846153846153844
1 0.47836538461538464 0.7632211538461539 0.15384615384615385 0.4050480769230769
1 0.5444711538461539 0.49278846153846156 0.25721153846153844 0.6033653846153846
1 0.6394230769230769 0.8269230769230769 0.15745192307692307 0.25240384615384615
1 0.7427884615384616 0.7872596153846154 0.13942307692307693 0.21394230769230768
1 0.7079326923076923 0.4230769230769231 0.2860576923076923 0.6382211538461539
1 0.8533653846153846 0.5396634615384616 0.14182692307692307 0.3329326923076923
1 0.8605769230769231 0.2704326923076923 0.21153846153846154 0.36658653846153844