5 0.5649038461538461 0.6081730769230769 0.33533653846153844 0.7151442307692307
5 0.7055288461538461 0.1778846153846154 0.10817307692307693 0.25
5 0.5769230769230769 0.3401442307692308 0.23197115384615385 0.4519230769230769
5 0.5192307692307693 0.20072115384615385 0.16346153846153846 0.33774038461538464
5 0.36899038461538464 0.3473557692307692 0.1875 0.6766826923076923
5 0.22115384615384615 0.21754807692307693 0.1466346153846154 0.3858173076923077
5 0.19230769230769232 0.4495192307692308 0.38100961538461536 0.5180288461538461
5 0.14302884615384615 0.5588942307692307 0.28365384615384615 0.4699519230769231
5 0.7451923076923077 0.6310096153846154 0.28125 0.5408653846153846
5 0.8389423076923077 0.23197115384615385 0.18028846153846154 0.22956730769230768
5 0.8882211538461539 0.5408653846153846 0.18509615384615385 0.33052884615384615