3 0.5084134615384616 0.4266826923076923 0.9435096153846154 0.4567307692307692
4 0.7548076923076923 0.40625 0.15865384615384615 0.08413461538461539
4 0.9050480769230769 0.39663461538461536 0.08533653846153846 0.1201923076923077
4 0.8449519230769231 0.5264423076923077 0.1045673076923077 0.078125
4 0.7487980769230769 0.46153846153846156 0.08653846153846154 0.08653846153846154
4 0.8100961538461539 0.26802884615384615 0.0889423076923077 0.08413461538461539
4 0.5793269230769231 0.34375 0.06490384615384616 0.0625
4 0.5228365384615384 0.38100961538461536 0.09014423076923077 0.09014423076923077
4 0.5360576923076923 0.48677884615384615 0.06971153846153846 0.11177884615384616
4 0.3701923076923077 0.546875 0.21394230769230768 0.2692307692307692
4 0.39783653846153844 0.36778846153846156 0.07692307692307693 0.0889423076923077