1 0.49158653846153844 0.44471153846153844 0.16947115384615385 0.31971153846153844
1 0.38341346153846156 0.6237980769230769 0.18028846153846154 0.23798076923076922
1 0.33052884615384615 0.44591346153846156 0.24519230769230768 0.33052884615384615
1 0.1875 0.4182692307692308 0.25841346153846156 0.2548076923076923
1 0.0673076923076923 0.4639423076923077 0.1310096153846154 0.18269230769230768
1 0.6454326923076923 0.41586538461538464 0.2764423076923077 0.296875
1 0.7956730769230769 0.3918269230769231 0.3088942307692308 0.27403846153846156
1 0.6141826923076923 0.6069711538461539 0.2091346153846154 0.25721153846153844
1 0.20793269230769232 0.6262019230769231 0.1875 0.20793269230769232
1 0.08173076923076923 0.5757211538461539 0.14182692307692307 0.14903846153846154
5 0.8076923076923077 0.5949519230769231 0.19110576923076922 0.21634615384615385