1 0.43509615384615385 0.5204326923076923 0.27403846153846156 0.640625
1 0.2776442307692308 0.5456730769230769 0.25841346153846156 0.5516826923076923
1 0.13581730769230768 0.4795673076923077 0.14302884615384615 0.37740384615384615
1 0.19951923076923078 0.7391826923076923 0.38100961538461536 0.3798076923076923
1 0.2283653846153846 0.1971153846153846 0.12740384615384615 0.21754807692307693
1 0.34975961538461536 0.13822115384615385 0.13581730769230768 0.2668269230769231
1 0.609375 0.46153846153846156 0.2127403846153846 0.6814903846153846
1 0.7596153846153846 0.5096153846153846 0.20673076923076922 0.7259615384615384
1 0.8497596153846154 0.5973557692307693 0.20192307692307693 0.6081730769230769
1 0.6550480769230769 0.1141826923076923 0.11778846153846154 0.203125
1 0.5012019230769231 0.18509615384615385 0.1310096153846154 0.35336538461538464