3 0.5168269230769231 0.5721153846153846 0.9639423076923077 0.5252403846153846
4 0.3329326923076923 0.45913461538461536 0.2439903846153846 0.25240384615384615
4 0.39302884615384615 0.6454326923076923 0.07091346153846154 0.11298076923076923
4 0.5036057692307693 0.6358173076923077 0.11658653846153846 0.09615384615384616
4 0.5709134615384616 0.6923076923076923 0.09615384615384616 0.078125
4 0.5372596153846154 0.5204326923076923 0.09495192307692307 0.10096153846153846
4 0.7752403846153846 0.6346153846153846 0.18269230769230768 0.0889423076923077
4 0.7572115384615384 0.5240384615384616 0.0829326923076923 0.038461538461538464
4 0.8533653846153846 0.47596153846153844 0.10817307692307693 0.10817307692307693
4 0.9278846153846154 0.6322115384615384 0.04447115384615385 0.12620192307692307
4 0.8305288461538461 0.7536057692307693 0.08774038461538461 0.0985576923076923