5 0.546875 0.47836538461538464 0.19230769230769232 0.6586538461538461
5 0.5300480769230769 0.14783653846153846 0.1875 0.29086538461538464
5 0.3449519230769231 0.4651442307692308 0.23197115384615385 0.6237980769230769
5 0.20793269230769232 0.5420673076923077 0.3401442307692308 0.5709134615384616
5 0.12139423076923077 0.7127403846153846 0.24278846153846154 0.5120192307692307
5 0.04807692307692308 0.33413461538461536 0.09615384615384616 0.20432692307692307
5 0.18509615384615385 0.19591346153846154 0.14423076923076922 0.22716346153846154
5 0.3629807692307692 0.17427884615384615 0.16466346153846154 0.2848557692307692
5 0.6754807692307693 0.2800480769230769 0.15504807692307693 0.5408653846153846
5 0.7139423076923077 0.5516826923076923 0.296875 0.6081730769230769
5 0.7848557692307693 0.6598557692307693 0.3245192307692308 0.49278846153846156