4 0.23197115384615385 0.36658653846153844 0.08052884615384616 0.046875
4 0.3269230769230769 0.5637019230769231 0.14423076923076922 0.17427884615384615
4 0.46153846153846156 0.6105769230769231 0.11538461538461539 0.10096153846153846
4 0.5985576923076923 0.5252403846153846 0.07091346153846154 0.10697115384615384
4 0.5769230769230769 0.4206730769230769 0.16826923076923078 0.15865384615384615
4 0.7067307692307693 0.5300480769230769 0.2620192307692308 0.39903846153846156
4 0.9435096153846154 0.5612980769230769 0.11057692307692307 0.23798076923076922
4 0.8966346153846154 0.38461538461538464 0.10576923076923077 0.1045673076923077
4 0.2776442307692308 0.6838942307692307 0.1141826923076923 0.07932692307692307
4 0.13942307692307693 0.5961538461538461 0.18990384615384615 0.12860576923076922
4 0.078125 0.44591346153846156 0.12379807692307693 0.13701923076923078