4 0.3173076923076923 0.15985576923076922 0.1658653846153846 0.1466346153846154
4 0.43028846153846156 0.3161057692307692 0.1045673076923077 0.109375
4 0.46634615384615385 0.18509615384615385 0.09495192307692307 0.08413461538461539
4 0.5625 0.359375 0.08413461538461539 0.07932692307692307
4 0.6201923076923077 0.5012019230769231 0.078125 0.0673076923076923
4 0.765625 0.4387019230769231 0.16466346153846154 0.21033653846153846
4 0.7043269230769231 0.5673076923076923 0.15745192307692307 0.14543269230769232
4 0.5685096153846154 0.5901442307692307 0.14182692307692307 0.15625
4 0.6742788461538461 0.6995192307692307 0.09495192307692307 0.08173076923076923
4 0.33774038461538464 0.41466346153846156 0.08173076923076923 0.0625
4 0.25240384615384615 0.3245192307692308 0.07572115384615384 0.1310096153846154