1 0.6370192307692307 0.48677884615384615 0.1814903846153846 0.734375
1 0.8064903846153846 0.4951923076923077 0.20552884615384615 0.7019230769230769
1 0.9230769230769231 0.5721153846153846 0.13822115384615385 0.5168269230769231
1 0.7007211538461539 0.16105769230769232 0.13221153846153846 0.2920673076923077
1 0.5348557692307693 0.22596153846153846 0.15625 0.4098557692307692
1 0.4675480769230769 0.5012019230769231 0.2608173076923077 0.6117788461538461
1 0.37259615384615385 0.1622596153846154 0.15865384615384615 0.2548076923076923
1 0.2668269230769231 0.203125 0.14182692307692307 0.21634615384615385
1 0.3016826923076923 0.5721153846153846 0.28966346153846156 0.6454326923076923
1 0.15504807692307693 0.4543269230769231 0.14302884615384615 0.33653846153846156
1 0.1466346153846154 0.7259615384615384 0.21394230769230768 0.3713942307692308