3 0.49278846153846156 0.40865384615384615 0.9819711538461539 0.47475961538461536
4 0.7487980769230769 0.3870192307692308 0.16466346153846154 0.08774038461538461
4 0.9050480769230769 0.3762019230769231 0.0889423076923077 0.125
4 0.8413461538461539 0.5108173076923077 0.109375 0.08052884615384616
4 0.7415865384615384 0.44350961538461536 0.09014423076923077 0.09014423076923077
4 0.8064903846153846 0.24278846153846154 0.09254807692307693 0.08774038461538461
4 0.5649038461538461 0.32211538461538464 0.0673076923076923 0.06490384615384616
4 0.5072115384615384 0.3605769230769231 0.09375 0.09375
4 0.5204326923076923 0.47115384615384615 0.07211538461538461 0.11658653846153846
4 0.3485576923076923 0.5324519230769231 0.22355769230769232 0.2800480769230769
4 0.37740384615384615 0.34615384615384615 0.08052884615384616 0.09134615384615384