1 0.6021634615384616 0.4579326923076923 0.2283653846153846 0.7487980769230769
1 0.40384615384615385 0.46274038461538464 0.24639423076923078 0.7151442307692307
1 0.25240384615384615 0.44591346153846156 0.2764423076923077 0.5829326923076923
1 0.1045673076923077 0.6009615384615384 0.15144230769230768 0.28725961538461536
1 0.13221153846153846 0.23798076923076922 0.26322115384615385 0.47115384615384615
1 0.24639423076923078 0.7944711538461539 0.14423076923076922 0.2980769230769231
1 0.34975961538461536 0.8545673076923077 0.17067307692307693 0.2860576923076923
1 0.5096153846153846 0.7439903846153846 0.140625 0.4579326923076923
1 0.7091346153846154 0.7944711538461539 0.12860576923076922 0.3112980769230769
1 0.7560096153846154 0.40865384615384615 0.2668269230769231 0.7463942307692307
1 0.8846153846153846 0.32572115384615385 0.14543269230769232 0.5757211538461539