4 0.7127403846153846 0.21153846153846154 0.16466346153846154 0.14543269230769232
4 0.6009615384615384 0.36658653846153844 0.1045673076923077 0.109375
4 0.5637019230769231 0.23557692307692307 0.09375 0.0829326923076923
4 0.46875 0.4098557692307692 0.0829326923076923 0.078125
4 0.41225961538461536 0.5492788461538461 0.078125 0.0673076923076923
4 0.2668269230769231 0.4879807692307692 0.16346153846153846 0.20793269230769232
4 0.328125 0.6153846153846154 0.15625 0.14302884615384615
4 0.46274038461538464 0.6382211538461539 0.140625 0.15504807692307693
4 0.3581730769230769 0.7463942307692307 0.09375 0.08052884615384616
4 0.6923076923076923 0.4639423076923077 0.08173076923076923 0.0625
4 0.7764423076923077 0.375 0.07451923076923077 0.12980769230769232