4 0.3161057692307692 0.4543269230769231 0.11057692307692307 0.13942307692307693
4 0.4387019230769231 0.4170673076923077 0.11658653846153846 0.12259615384615384
4 0.28125 0.3389423076923077 0.11298076923076923 0.13942307692307693
4 0.6802884615384616 0.4362980769230769 0.33533653846153844 0.2824519230769231
4 0.5432692307692307 0.6069711538461539 0.12980769230769232 0.125
4 0.7127403846153846 0.625 0.08173076923076923 0.09134615384615384
4 0.8173076923076923 0.6153846153846154 0.06850961538461539 0.10697115384615384
4 0.8990384615384616 0.47475961538461536 0.18870192307692307 0.24639423076923078
4 0.23197115384615385 0.6586538461538461 0.08774038461538461 0.11298076923076923
4 0.12379807692307693 0.6069711538461539 0.0733173076923077 0.08413461538461539
4 0.07932692307692307 0.53125 0.125 0.125
4 0.14302884615384615 0.4170673076923077 0.16706730769230768 0.12259615384615384