4 0.7139423076923077 0.6141826923076923 0.2403846153846154 0.3076923076923077
4 0.8978365384615384 0.5264423076923077 0.1466346153846154 0.23317307692307693
4 0.5528846153846154 0.5324519230769231 0.13822115384615385 0.12139423076923077
4 0.5492788461538461 0.43509615384615385 0.09375 0.13822115384615385
4 0.7103365384615384 0.39783653846153844 0.0733173076923077 0.06971153846153846
4 0.45552884615384615 0.6225961538461539 0.0889423076923077 0.10216346153846154
4 0.3233173076923077 0.5600961538461539 0.10817307692307693 0.1141826923076923
4 0.13581730769230768 0.5576923076923077 0.171875 0.17067307692307693
4 0.3016826923076923 0.6742788461538461 0.11658653846153846 0.10216346153846154
4 0.23076923076923078 0.40625 0.0985576923076923 0.07572115384615384
4 0.13341346153846154 0.43149038461538464 0.0985576923076923 0.09735576923076923