1 0.46875 0.44591346153846156 0.5024038461538461 0.24519230769230768
1 0.25 0.4170673076923077 0.25240384615384615 0.15625
1 0.5949519230769231 0.35336538461538464 0.4110576923076923 0.328125
5 0.7247596153846154 0.3004807692307692 0.3581730769230769 0.38100961538461536
5 0.8173076923076923 0.25961538461538464 0.27283653846153844 0.35096153846153844
5 0.5132211538461539 0.17908653846153846 0.20673076923076922 0.18028846153846154
5 0.3557692307692308 0.2668269230769231 0.265625 0.18269230769230768
5 0.41586538461538464 0.5492788461538461 0.5528846153846154 0.17908653846153846
5 0.42788461538461536 0.6706730769230769 0.49278846153846156 0.125
5 0.5841346153846154 0.7596153846153846 0.3605769230769231 0.22716346153846154
5 0.4050480769230769 0.7331730769230769 0.4795673076923077 0.1201923076923077