1 0.47716346153846156 0.5360576923076923 0.16105769230769232 0.30528846153846156
1 0.5817307692307693 0.36538461538461536 0.171875 0.22716346153846154
1 0.6322115384615384 0.5360576923076923 0.234375 0.3161057692307692
1 0.7680288461538461 0.5625 0.24759615384615385 0.2439903846153846
1 0.8966346153846154 0.5180288461538461 0.15144230769230768 0.17307692307692307
1 0.33052884615384615 0.5649038461538461 0.265625 0.28365384615384615
1 0.18629807692307693 0.5865384615384616 0.2956730769230769 0.2608173076923077
1 0.3605769230769231 0.38221153846153844 0.20072115384615385 0.24519230769230768
1 0.7487980769230769 0.3641826923076923 0.17908653846153846 0.19831730769230768
1 0.8701923076923077 0.4110576923076923 0.13581730769230768 0.14182692307692307
5 0.17548076923076922 0.39302884615384615 0.18269230769230768 0.20673076923076922