4 0.7007211538461539 0.16706730769230768 0.4326923076923077 0.21875
4 0.6995192307692307 0.3545673076923077 0.1466346153846154 0.18028846153846154
4 0.5637019230769231 0.4519230769230769 0.09975961538461539 0.1201923076923077
4 0.6286057692307693 0.5612980769230769 0.09134615384615384 0.13581730769230768
4 0.7776442307692307 0.43149038461538464 0.0673076923076923 0.10336538461538461
4 0.38100961538461536 0.6442307692307693 0.1310096153846154 0.11778846153846154
4 0.453125 0.4567307692307692 0.07932692307692307 0.15625
4 0.18389423076923078 0.7319711538461539 0.15625 0.2283653846153846
4 0.35697115384615385 0.8221153846153846 0.0673076923076923 0.10576923076923077
4 0.25961538461538464 0.5540865384615384 0.0625 0.10817307692307693
4 0.24879807692307693 0.8954326923076923 0.06009615384615385 0.07572115384615384