1 0.6081730769230769 0.47115384615384615 0.23076923076923078 0.7560096153846154
1 0.4074519230769231 0.47596153846153844 0.24879807692307693 0.7211538461538461
1 0.2548076923076923 0.45913461538461536 0.2800480769230769 0.5877403846153846
1 0.1045673076923077 0.6153846153846154 0.15264423076923078 0.28966346153846156
1 0.13341346153846154 0.2439903846153846 0.265625 0.484375
1 0.24879807692307693 0.8112980769230769 0.14543269230769232 0.3004807692307692
1 0.35336538461538464 0.8629807692307693 0.16826923076923078 0.2692307692307692
1 0.515625 0.7596153846153846 0.14182692307692307 0.46153846153846156
1 0.7163461538461539 0.8112980769230769 0.1310096153846154 0.31490384615384615
1 0.7632211538461539 0.421875 0.2692307692307692 0.7536057692307693
1 0.8942307692307693 0.33774038461538464 0.14783653846153846 0.5817307692307693