1 0.41586538461538464 0.4795673076923077 0.5048076923076923 0.24759615384615385
1 0.19591346153846154 0.45072115384615385 0.2536057692307692 0.15745192307692307
1 0.5420673076923077 0.3870192307692308 0.41225961538461536 0.33052884615384615
5 0.6730769230769231 0.33413461538461536 0.359375 0.38461538461538464
5 0.765625 0.2920673076923077 0.27403846153846156 0.35336538461538464
5 0.46033653846153844 0.21153846153846154 0.20793269230769232 0.1814903846153846
5 0.3016826923076923 0.29927884615384615 0.2668269230769231 0.18389423076923078
5 0.3629807692307692 0.5853365384615384 0.5552884615384616 0.18028846153846154
5 0.375 0.7067307692307693 0.4951923076923077 0.12620192307692307
5 0.53125 0.7956730769230769 0.36177884615384615 0.2283653846153846
5 0.35096153846153844 0.7704326923076923 0.48197115384615385 0.12139423076923077