4 0.7199519230769231 0.390625 0.23798076923076922 0.30528846153846156
4 0.9014423076923077 0.47836538461538464 0.14423076923076922 0.23197115384615385
4 0.5600961538461539 0.4723557692307692 0.13701923076923078 0.1201923076923077
4 0.5564903846153846 0.5685096153846154 0.09375 0.13701923076923078
4 0.7163461538461539 0.6045673076923077 0.07211538461538461 0.06850961538461539
4 0.4639423076923077 0.38341346153846156 0.0889423076923077 0.10096153846153846
4 0.33413461538461536 0.44471153846153844 0.10817307692307693 0.1141826923076923
4 0.14783653846153846 0.44711538461538464 0.17067307692307693 0.16947115384615385
4 0.3112980769230769 0.3317307692307692 0.11538461538461539 0.10096153846153846
4 0.24158653846153846 0.5973557692307693 0.0985576923076923 0.07451923076923077
4 0.14543269230769232 0.5721153846153846 0.0985576923076923 0.09615384615384616