4 0.7103365384615384 0.6057692307692307 0.24278846153846154 0.3112980769230769
4 0.8954326923076923 0.515625 0.14783653846153846 0.23677884615384615
4 0.546875 0.5216346153846154 0.13942307692307693 0.12259615384615384
4 0.5420673076923077 0.4230769230769231 0.09495192307692307 0.140625
4 0.7055288461538461 0.3858173076923077 0.0733173076923077 0.06971153846153846
4 0.4483173076923077 0.6129807692307693 0.09014423076923077 0.10336538461538461
4 0.3161057692307692 0.5492788461538461 0.109375 0.11658653846153846
4 0.12620192307692307 0.546875 0.17427884615384615 0.17307692307692307
4 0.2932692307692308 0.6658653846153846 0.11778846153846154 0.10336538461538461
4 0.22235576923076922 0.3942307692307692 0.09975961538461539 0.07692307692307693
4 0.12379807692307693 0.41947115384615385 0.09975961538461539 0.0985576923076923