1 0.4723557692307692 0.5084134615384616 0.28966346153846156 0.6778846153846154
1 0.30528846153846156 0.48197115384615385 0.27283653846153844 0.5841346153846154
1 0.15625 0.5516826923076923 0.15144230769230768 0.39903846153846156
1 0.22355769230769232 0.2764423076923077 0.4026442307692308 0.4014423076923077
1 0.2536057692307692 0.8509615384615384 0.1346153846153846 0.23076923076923078
1 0.38341346153846156 0.8834134615384616 0.1466346153846154 0.2283653846153846
1 0.6574519230769231 0.5709134615384616 0.2247596153846154 0.7211538461538461
1 0.8161057692307693 0.5192307692307693 0.21875 0.7692307692307693
1 0.9014423076923077 0.4254807692307692 0.19471153846153846 0.6466346153846154
1 0.7067307692307693 0.9134615384615384 0.12980769230769232 0.16826923076923078
1 0.5420673076923077 0.8353365384615384 0.14182692307692307 0.3245192307692308