1 0.46875 0.5120192307692307 0.46634615384615385 0.2283653846153846
1 0.265625 0.5396634615384616 0.234375 0.14543269230769232
1 0.5865384615384616 0.5985576923076923 0.38100961538461536 0.30528846153846156
5 0.7067307692307693 0.6466346153846154 0.3317307692307692 0.3545673076923077
5 0.7920673076923077 0.6850961538461539 0.2536057692307692 0.32572115384615385
5 0.5108173076923077 0.7596153846153846 0.19110576923076922 0.16826923076923078
5 0.3641826923076923 0.6790865384615384 0.24639423076923078 0.16947115384615385
5 0.4206730769230769 0.41586538461538464 0.5132211538461539 0.1658653846153846
5 0.43028846153846156 0.30288461538461536 0.4579326923076923 0.11658653846153846
5 0.5757211538461539 0.21995192307692307 0.33413461538461536 0.21033653846153846
5 0.4098557692307692 0.2439903846153846 0.44471153846153844 0.11177884615384616