3 0.5240384615384616 0.5829326923076923 0.9447115384615384 0.4951923076923077
4 0.33653846153846156 0.4735576923076923 0.23197115384615385 0.23918269230769232
4 0.39302884615384615 0.6514423076923077 0.0673076923076923 0.10697115384615384
4 0.4987980769230769 0.6418269230769231 0.11057692307692307 0.09134615384615384
4 0.5625 0.6959134615384616 0.09134615384615384 0.0733173076923077
4 0.5300480769230769 0.5324519230769231 0.09014423076923077 0.09615384615384616
4 0.7560096153846154 0.640625 0.17307692307692307 0.08533653846153846
4 0.7403846153846154 0.5360576923076923 0.078125 0.037259615384615384
4 0.8305288461538461 0.49038461538461536 0.10336538461538461 0.10216346153846154
4 0.9014423076923077 0.6382211538461539 0.042067307692307696 0.11899038461538461
4 0.8100961538461539 0.7536057692307693 0.0829326923076923 0.09375