1 0.33533653846153844 0.5072115384615384 0.19591346153846154 0.7884615384615384
1 0.15264423076923078 0.5144230769230769 0.22115384615384615 0.7536057692307693
1 0.051682692307692304 0.5985576923076923 0.10336538461538461 0.5576923076923077
1 0.2668269230769231 0.15745192307692307 0.14423076923076922 0.31490384615384615
1 0.44591346153846156 0.22716346153846154 0.16826923076923078 0.43990384615384615
1 0.5168269230769231 0.5216346153846154 0.2800480769230769 0.65625
1 0.6201923076923077 0.15745192307692307 0.171875 0.27403846153846156
1 0.7331730769230769 0.20192307692307693 0.15264423076923078 0.23317307692307693
1 0.6959134615384616 0.5973557692307693 0.3112980769230769 0.6935096153846154
1 0.8533653846153846 0.47115384615384615 0.15384615384615385 0.36177884615384615
1 0.8629807692307693 0.7644230769230769 0.22956730769230768 0.39903846153846156