4 0.6682692307692307 0.40865384615384615 0.109375 0.13822115384615385
4 0.5480769230769231 0.3713942307692308 0.11538461538461539 0.12139423076923077
4 0.703125 0.29447115384615385 0.11177884615384616 0.13822115384615385
4 0.3076923076923077 0.390625 0.3317307692307692 0.2800480769230769
4 0.44350961538461536 0.5588942307692307 0.12860576923076922 0.12379807692307693
4 0.2764423076923077 0.578125 0.08052884615384616 0.09014423076923077
4 0.171875 0.5685096153846154 0.0673076923076923 0.10576923076923077
4 0.09375 0.42908653846153844 0.18269230769230768 0.24639423076923078
4 0.7512019230769231 0.6117788461538461 0.08774038461538461 0.11177884615384616
4 0.859375 0.5588942307692307 0.07211538461538461 0.08413461538461539
4 0.9038461538461539 0.484375 0.12379807692307693 0.12379807692307693
4 0.8401442307692307 0.3713942307692308 0.16466346153846154 0.12139423076923077