4 0.3329326923076923 0.8353365384615384 0.39302884615384615 0.19951923076923078
4 0.33413461538461536 0.6634615384615384 0.13341346153846154 0.16346153846153846
4 0.4579326923076923 0.5757211538461539 0.09134615384615384 0.109375
4 0.39903846153846156 0.47596153846153844 0.0829326923076923 0.12379807692307693
4 0.26322115384615385 0.59375 0.06129807692307692 0.09495192307692307
4 0.6237980769230769 0.40024038461538464 0.11899038461538461 0.10697115384615384
4 0.5576923076923077 0.5709134615384616 0.07211538461538461 0.14302884615384615
4 0.8028846153846154 0.32091346153846156 0.14182692307692307 0.20793269230769232
4 0.6454326923076923 0.23798076923076922 0.06129807692307692 0.09615384615384616
4 0.734375 0.48197115384615385 0.056490384615384616 0.0985576923076923
4 0.7439903846153846 0.17067307692307693 0.055288461538461536 0.06971153846153846