4 0.2548076923076923 0.3112980769230769 0.08653846153846154 0.05048076923076923
4 0.35697115384615385 0.5216346153846154 0.15625 0.18629807692307693
4 0.5012019230769231 0.5721153846153846 0.125 0.10817307692307693
4 0.6490384615384616 0.48197115384615385 0.07572115384615384 0.11538461538461539
4 0.625 0.36899038461538464 0.1814903846153846 0.17067307692307693
4 0.765625 0.4855769230769231 0.2824519230769231 0.42908653846153844
4 0.9795673076923077 0.5192307692307693 0.038461538461538464 0.25600961538461536
4 0.9555288461538461 0.3293269230769231 0.08533653846153846 0.11538461538461539
4 0.30408653846153844 0.6514423076923077 0.12259615384615384 0.08533653846153846
4 0.15625 0.5576923076923077 0.20432692307692307 0.13822115384615385
4 0.0889423076923077 0.39663461538461536 0.13341346153846154 0.14783653846153846