1 0.625 0.3762019230769231 0.22716346153846154 0.4050480769230769
1 0.44591346153846156 0.3918269230769231 0.29447115384615385 0.39783653846153844
1 0.4519230769230769 0.18028846153846154 0.1622596153846154 0.19230769230769232
1 0.2644230769230769 0.2776442307692308 0.18990384615384615 0.20192307692307693
1 0.2956730769230769 0.46274038461538464 0.4050480769230769 0.30408653846153844
1 0.08173076923076923 0.35216346153846156 0.13221153846153846 0.16346153846153846
1 0.23317307692307693 0.5360576923076923 0.44711538461538464 0.23557692307692307
5 0.8028846153846154 0.3786057692307692 0.25961538461538464 0.4206730769230769
5 0.6875 0.18870192307692307 0.17548076923076922 0.18870192307692307
5 0.22596153846153846 0.6069711538461539 0.44711538461538464 0.21033653846153846
5 0.24879807692307693 0.7211538461538461 0.4699519230769231 0.1201923076923077