1 0.7560096153846154 0.7740384615384616 0.4831730769230769 0.1622596153846154
1 0.8016826923076923 0.6790865384615384 0.32211538461538464 0.15384615384615385
1 0.7283653846153846 0.6069711538461539 0.3918269230769231 0.21754807692307693
1 0.25240384615384615 0.5612980769230769 0.2704326923076923 0.2764423076923077
1 0.2824519230769231 0.5132211538461539 0.17908653846153846 0.24519230769230768
1 0.4831730769230769 0.49038461538461536 0.14903846153846154 0.2764423076923077
1 0.5841346153846154 0.5132211538461539 0.20793269230769232 0.2668269230769231
1 0.6826923076923077 0.5396634615384616 0.296875 0.2127403846153846
5 0.16105769230769232 0.6838942307692307 0.32211538461538464 0.21153846153846154
5 0.1141826923076923 0.5913461538461539 0.17067307692307693 0.15264423076923078
5 0.3737980769230769 0.4831730769230769 0.13221153846153846 0.2644230769230769