1 0.4026442307692308 0.47716346153846156 0.21754807692307693 0.7103365384615384
1 0.5913461538461539 0.48197115384615385 0.234375 0.6790865384615384
1 0.7355769230769231 0.46634615384615385 0.26322115384615385 0.5528846153846154
1 0.8774038461538461 0.6129807692307693 0.14423076923076922 0.27283653846153844
1 0.8617788461538461 0.2644230769230769 0.2704326923076923 0.453125
1 0.7415865384615384 0.796875 0.13701923076923078 0.2824519230769231
1 0.6442307692307693 0.8569711538461539 0.15504807692307693 0.27283653846153844
1 0.49038461538461536 0.7487980769230769 0.1346153846153846 0.4338942307692308
1 0.3016826923076923 0.796875 0.12259615384615384 0.2956730769230769
1 0.25600961538461536 0.43028846153846156 0.2536057692307692 0.7079326923076923
1 0.13341346153846154 0.35216346153846156 0.13942307692307693 0.546875