5 0.4254807692307692 0.6141826923076923 0.31971153846153844 0.6838942307692307
5 0.29086538461538464 0.203125 0.10336538461538461 0.23918269230769232
5 0.41346153846153844 0.3581730769230769 0.22115384615384615 0.43149038461538464
5 0.4675480769230769 0.2247596153846154 0.15625 0.32211538461538464
5 0.6117788461538461 0.36538461538461536 0.17908653846153846 0.6466346153846154
5 0.7536057692307693 0.24158653846153846 0.13942307692307693 0.36899038461538464
5 0.7848557692307693 0.46153846153846156 0.3737980769230769 0.49399038461538464
5 0.8449519230769231 0.5673076923076923 0.30649038461538464 0.4495192307692308
5 0.25240384615384615 0.6358173076923077 0.2692307692307692 0.5180288461538461
5 0.16346153846153846 0.2548076923076923 0.171875 0.21875
5 0.11658653846153846 0.5504807692307693 0.17668269230769232 0.3161057692307692