3 0.4891826923076923 0.3942307692307692 0.9651442307692307 0.4675480769230769
4 0.23798076923076922 0.3737980769230769 0.1622596153846154 0.08533653846153846
4 0.0829326923076923 0.3629807692307692 0.08774038461538461 0.12379807692307693
4 0.1466346153846154 0.4951923076923077 0.10697115384615384 0.07932692307692307
4 0.2439903846153846 0.42908653846153844 0.0889423076923077 0.08774038461538461
4 0.18028846153846154 0.23197115384615385 0.09134615384615384 0.08533653846153846
4 0.4170673076923077 0.3088942307692308 0.06610576923076923 0.06370192307692307
4 0.47475961538461536 0.3485576923076923 0.09254807692307693 0.09254807692307693
4 0.46153846153846156 0.45552884615384615 0.07091346153846154 0.1141826923076923
4 0.6310096153846154 0.5168269230769231 0.21995192307692307 0.27524038461538464
4 0.6021634615384616 0.33413461538461536 0.07932692307692307 0.09014423076923077