4 0.34134615384615385 0.4266826923076923 0.1045673076923077 0.13341346153846154
4 0.4567307692307692 0.3918269230769231 0.11057692307692307 0.11658653846153846
4 0.3088942307692308 0.3173076923076923 0.10817307692307693 0.13341346153846154
4 0.6875 0.4098557692307692 0.31850961538461536 0.26802884615384615
4 0.5564903846153846 0.5721153846153846 0.12379807692307693 0.11778846153846154
4 0.7175480769230769 0.5901442307692307 0.078125 0.08653846153846154
4 0.8173076923076923 0.5805288461538461 0.06490384615384616 0.10096153846153846
4 0.8942307692307693 0.44591346153846156 0.17908653846153846 0.234375
4 0.2620192307692308 0.6213942307692307 0.08413461538461539 0.10817307692307693
4 0.15865384615384615 0.5721153846153846 0.06971153846153846 0.08052884615384616
4 0.11658653846153846 0.5 0.11899038461538461 0.11778846153846154
4 0.17668269230769232 0.3918269230769231 0.15865384615384615 0.11658653846153846