5 0.4387019230769231 0.5168269230769231 0.18870192307692307 0.6466346153846154
5 0.45552884615384615 0.1875 0.18269230769230768 0.29447115384615385
5 0.6382211538461539 0.5048076923076923 0.2283653846153846 0.6129807692307693
5 0.7716346153846154 0.5805288461538461 0.33413461538461536 0.5612980769230769
5 0.8677884615384616 0.7475961538461539 0.25961538461538464 0.5048076923076923
5 0.9399038461538461 0.375 0.11538461538461539 0.20192307692307693
5 0.7944711538461539 0.2403846153846154 0.14182692307692307 0.22355769230769232
5 0.6201923076923077 0.21875 0.1622596153846154 0.27884615384615385
5 0.3125 0.32211538461538464 0.15144230769230768 0.53125
5 0.27403846153846156 0.5889423076923077 0.2920673076923077 0.5973557692307693
5 0.20552884615384615 0.6947115384615384 0.31971153846153844 0.484375