1 0.6634615384615384 0.44471153846153844 0.21634615384615385 0.3870192307692308
1 0.49278846153846156 0.45913461538461536 0.28125 0.3798076923076923
1 0.49759615384615385 0.25721153846153844 0.15504807692307693 0.18389423076923078
1 0.31850961538461536 0.35096153846153844 0.1814903846153846 0.19230769230769232
1 0.3485576923076923 0.5276442307692307 0.3870192307692308 0.29086538461538464
1 0.14543269230769232 0.421875 0.12620192307692307 0.15625
1 0.28846153846153844 0.5985576923076923 0.4266826923076923 0.22596153846153846
5 0.8341346153846154 0.44711538461538464 0.24759615384615385 0.4014423076923077
5 0.7235576923076923 0.2644230769230769 0.16826923076923078 0.1814903846153846
5 0.25600961538461536 0.6658653846153846 0.4795673076923077 0.19951923076923078
5 0.30408653846153844 0.7752403846153846 0.4495192307692308 0.1141826923076923