1 0.45072115384615385 0.4675480769230769 0.2668269230769231 0.6237980769230769
1 0.296875 0.44350961538461536 0.2512019230769231 0.5372596153846154
1 0.15985576923076922 0.5072115384615384 0.13942307692307693 0.36778846153846156
1 0.22115384615384615 0.2536057692307692 0.3713942307692308 0.3701923076923077
1 0.24879807692307693 0.7824519230769231 0.12379807692307693 0.2127403846153846
1 0.36778846153846156 0.8401442307692307 0.13221153846153846 0.2608173076923077
1 0.6213942307692307 0.5252403846153846 0.20793269230769232 0.6634615384615384
1 0.7668269230769231 0.47836538461538464 0.20072115384615385 0.7079326923076923
1 0.8545673076923077 0.39302884615384615 0.1971153846153846 0.5925480769230769
1 0.6658653846153846 0.8629807692307693 0.1141826923076923 0.1971153846153846
1 0.5144230769230769 0.7944711538461539 0.12740384615384615 0.3449519230769231